0 1.0
0.1 0.999114037769
0.2 0.996457720935
0.3 0.992035756291
0.4 0.985855979223
0.5 0.977929339831
0.6 0.968269883519
0.7 0.956894726116
0.8 0.943824023541
0.9 0.929080936091
1.0 0.912691587404
1.1 0.894685018167
1.2 0.875093134661
1.3 0.853950652224
1.4 0.831295033738
1.5 0.807166423246
1.6 0.781607574825
1.7 0.754663776823
1.8 0.726382771615
1.9 0.696814671005
2.0 0.666011867434
2.1 0.634028941144
2.2 0.600922563464
2.3 0.566751396395
2.4 0.531575988662
2.5 0.495458668432
2.6 0.458463432868
2.7 0.420655834733
2.8 0.382102866234
2.9 0.34287284032
3.0 0.303035269633
3.1 0.262660743339
3.2 0.221820802048
3.3 0.180587811053
3.4 0.139034832098
3.5 0.0972354939224
3.6 0.0552638617969
3.7 0.0131943062829
3.8 -0.0288986285452
3.9 -0.0709403571864
4.0 -0.112856384873
4.1 -0.154572439572
4.2 -0.196014603583
4.3 -0.237109444523
4.4 -0.277784145439
4.5 -0.317966633832
4.6 -0.357585709369
4.7 -0.396571170041
4.8 -0.434853936556
4.9 -0.472366174743
5.0 -0.50904141575
5.1 -0.544814673821
5.2 -0.579622561445
5.3 -0.613403401674
5.4 -0.64609733741
5.5 -0.67764643747
5.6 -0.707994799231
5.7 -0.737088647689
5.8 -0.764876430742
5.9 -0.791308910537
6.0 -0.816339250717
6.1 -0.83992309941
6.2 -0.862018667818
6.3 -0.882586804261
6.4 -0.901591063557
6.5 -0.918997771593
6.6 -0.934776084998
6.7 -0.948898045792
6.8 -0.961338630927
6.9 -0.972075796626
7.0 -0.981090517443
7.1 -0.988366819974
7.2 -0.993891811159
7.3 -0.997655701131
7.4 -0.999651820563
7.5 -0.999876632482
7.6 -0.998329738536
7.7 -0.995013879707
7.8 -0.989934931445
7.9 -0.983101893262
8.0 -0.974526872787
8.1 -0.964225064307
8.2 -0.95221472185
8.3 -0.938517126834
8.4 -0.923156550364
8.5 -0.906160210221
8.6 -0.887558222636
8.7 -0.867383548924
8.8 -0.845671937085
8.9 -0.822461858455
9.0 -0.797794439539
9.1 -0.77171338914
9.2 -0.74426492091
9.3 -0.71549767146
9.4 -0.685462614185
9.5 -0.654212968936
9.6 -0.621804107724
9.7 -0.588293456604
9.8 -0.553740393918
9.9 -0.518206145082
10.0 -0.481753674102
10.1 -0.444447572002
10.2 -0.406353942378
10.3 -0.367540284263
10.4 -0.328075372528
10.5 -0.288029136015
10.6 -0.24747253363
10.7 -0.20647742861
10.8 -0.165116461183
10.9 -0.123462919859
11.0 -0.0815906115682
11.1 -0.0395737308765
11.2 0.00251327147699
11.3 0.0445958205033
11.4 0.0865993491043
11.5 0.1284494302
11.6 0.170071908609
11.7 0.211393032442
11.8 0.252339583791
11.9 0.292839008458
12.0 0.332819544523
12.1 0.372210349496
12.2 0.410941625845
12.3 0.448944744676
12.4 0.486152367332
12.5 0.522498564716
12.6 0.557918934112
12.7 0.592350713302
12.8 0.625732891772
12.9 0.658006318826
13.0 0.689113808387
13.1 0.719000240335
13.2 0.747612658169
13.3 0.774900362847
13.4 0.800815002616
13.5 0.825310658693
13.6 0.848343926626
13.7 0.869873993203
13.8 0.889862708774
13.9 0.908274654843
14.0 0.925077206834
14.1 0.940240591894
14.2 0.953737941649
14.3 0.965545339816
14.4 0.975641864576
14.5 0.984009625651
14.6 0.990633796
14.7 0.995502638094
14.8 0.998607524712
14.9 0.999942954229
15.0 0.999506560366
15.1 0.997299116379
15.2 0.993324533692
15.3 0.987589854967
15.4 0.980105241619
15.5 0.970883955819
15.6 0.959942336988
15.7 0.947299772849
15.8 0.93297866507
15.9 0.917004389573
16.0 0.899405251566
16.1 0.880212435394
16.2 0.859459949276
16.3 0.83718456505
16.4 0.813425753015
16.5 0.78822561199
16.6 0.761628794723
16.7 0.733682428764
16.8 0.704436032962
16.9 0.673941429722
17.0 0.642252653177
17.1 0.609425853445
17.2 0.575519197136
17.3 0.540592764284
17.4 0.504708441889
17.5 0.467929814261
17.6 0.430322050348
17.7 0.391951788267
17.8 0.352887017226
17.9 0.313196957046
18.0 0.272951935517
18.1 0.232223263777
18.2 0.191083109955
18.3 0.149604371297
18.4 0.107860544993
18.5 0.0659255979514
18.6 0.0238738357301
18.7 -0.0182202291248
18.8 -0.0602820091099
18.9 -0.102236973929
19.0 -0.144010782552
19.1 -0.185529414948
19.2 -0.226719303234
19.3 -0.267507462042
19.4 -0.307821617834
19.5 -0.347590336971
19.6 -0.386743152288
19.7 -0.425210687953
19.8 -0.462924782399
19.9 -0.499818609099
20.0 -0.535826794979
20.1 -0.570885536254
20.2 -0.604932711483
20.3 -0.637907991643
20.4 -0.669752947028
20.5 -0.700411150784
20.6 -0.729828278888
20.7 -0.757952206412
20.8 -0.784733099882
20.9 -0.810123505576
21.0 -0.834078433613
21.1 -0.856555437672
21.2 -0.877514690197
21.3 -0.896919052978
21.4 -0.914734142949
21.5 -0.930928393117
21.6 -0.945473108493
21.7 -0.95834251694
21.8 -0.96951381484
21.9 -0.978967207495
22.0 -0.986685944208
22.1 -0.992656347961
22.2 -0.996867839649
22.3 -0.999312956827
22.4 -0.999987366933
22.5 -0.998889874962
22.6 -0.996022425587
22.7 -0.991390099713
22.8 -0.985001105469
22.9 -0.976866763673
23.0 -0.967001487762
23.1 -0.955422758262
23.2 -0.942151091804
23.3 -0.927210004781
23.4 -0.91062597167
23.5 -0.892428378124
23.6 -0.872649468905
23.7 -0.851324290745
23.8 -0.828490630251
23.9 -0.804188946942
24.0 -0.778462301567
24.1 -0.751356279797
24.2 -0.722918911456
24.3 -0.693200585413
24.4 -0.662253960295
24.5 -0.630133871185
24.6 -0.596897232455
24.7 -0.562602936918
24.8 -0.527311751475
24.9 -0.491086209441
25.0 -0.45399049974
25.1 -0.416090353166
25.2 -0.377452925918
25.3 -0.338146680598
25.4 -0.298241264902
25.5 -0.257807388214
25.6 -0.216916696308
25.7 -0.175641644402
25.8 -0.13405536877
25.9 -0.0922315571512
26.0 -0.0502443181797
26.1 -0.00816805007187
26.2 0.0339226912037
26.3 0.0759533240329
26.4 0.117849373309
26.5 0.159536602399
26.6 0.200941144679
26.7 0.241989634431
26.8 0.282609336829
26.9 0.322728276831
27.0 0.362275366705
27.1 0.401180531994
27.2 0.439374835686
27.3 0.476790600358
27.4 0.513361528103
27.5 0.549022817998
27.6 0.583711280933
27.7 0.61736545157
27.8 0.649925697262
27.9 0.681334323713
28.0 0.711535677209
28.1 0.740476243234
28.2 0.76810474129
28.3 0.794372215767
28.4 0.819232122682
28.5 0.84264041216
28.6 0.86455560648
28.7 0.884938873572
28.8 0.903754095827
28.9 0.920967934093
29.0 0.936549886748
29.1 0.95047234375
29.2 0.962710635555
29.3 0.973243076837
29.4 0.982051004903
29.5 0.989118812772
29.6 0.994433976821
29.7 0.997987078981
29.8 0.999771823424
29.9 0.999785047717
30.0 0.998026728428
30.1 0.994499981166
30.2 0.98921105506
30.3 0.982169321688
30.4 0.97338725847
30.5 0.962880426559
30.6 0.950667443266
30.7 0.936769949075
30.8 0.921212569297
30.9 0.904022870434
31.0 0.885231311332
31.1 0.864871189217
31.2 0.842978580685
31.3 0.819592277785
31.4 0.79475371928
31.5 0.768506917219
31.6 0.740898378953
31.7 0.711977024725
31.8 0.681794100992
31.9 0.650403089613
32.0 0.61785961309
32.1 0.584221336005
32.2 0.549547862844
32.3 0.513900632382
32.4 0.477342808819
32.5 0.439939169856
32.6 0.401755991916
32.7 0.362860932708
32.8 0.323322911336
32.9 0.283211986189
33.0 0.242599230795
33.1 0.201556607891
33.2 0.160156841902
33.3 0.118473290088
33.4 0.0765798125526
33.5 0.0345506413744
33.6 -0.00753975093045
33.7 -0.0496167833662
33.8 -0.0916058986097
33.9 -0.133432695121
34.0 -0.175023058975
34.1 -0.21630329519
34.2 -0.257200258306
34.3 -0.297641481992
34.4 -0.337555307455
34.5 -0.376871010412
34.6 -0.415518926407
34.7 -0.453430574252
34.8 -0.490538777371
34.9 -0.526777782831
35.0 -0.562083377852
35.1 -0.596393003587
35.2 -0.629645865969
35.3 -0.66178304344
35.4 -0.692747591348
35.5 -0.722484642853
35.6 -0.750941506147
35.7 -0.778067757817
35.8 -0.803815332194
35.9 -0.828138606522
36.0 -0.850994481795
36.1 -0.872342459129
36.2 -0.892144711522
36.3 -0.910366150876
36.4 -0.92697449018
36.5 -0.941940300709
36.6 -0.955237064178
36.7 -0.966841219727
36.8 -0.976732205668
36.9 -0.984892495921
37.0 -0.99130763107
37.1 -0.995966243978
37.2 -0.998860079935
37.3 -0.999984011283
37.4 -0.999336046501
37.5 -0.996917333733
37.6 -0.992732158755
37.7 -0.986787937382
37.8 -0.979095202324
37.9 -0.969667584527
38.0 -0.958521789017
38.1 -0.945677565303
38.2 -0.931157672378
38.3 -0.914987838396
38.4 -0.897196715082
38.5 -0.877815826961
38.6 -0.856879515504
38.7 -0.834424878273
38.8 -0.810491703189
38.9 -0.78512239803
39.0 -0.758361915289
39.1 -0.730257672519
39.2 -0.700859468317
39.3 -0.670219394078
39.4 -0.638391741701
39.5 -0.605432907381
39.6 -0.571401291682
39.7 -0.536357196058
39.8 -0.500362715997
39.9 -0.463481631001
40.0 -0.425779291565
40.1 -0.387322503387
40.2 -0.348179408991
40.3 -0.308419366984
40.4 -0.268112829155
40.5 -0.227331215647
40.6 -0.186146788396
40.7 -0.144632523097
40.8 -0.102861979894
40.9 -0.0609091730312
41.0 -0.0188484397153
41.1 0.023245691612
41.2 0.0652986333298
41.3 0.107235870802
41.4 0.148983094411
41.5 0.190466331231
41.6 0.2316120761
41.7 0.272347421866
41.8 0.312600188572
41.9 0.352299051358
42.0 0.391373666837
42.1 0.429754797743
42.2 0.467374435609
42.3 0.504165921281
42.4 0.540064063024
42.5 0.575005252043
42.6 0.608927575191
42.7 0.641770924673
42.8 0.673477104555
42.9 0.703989933881
43.0 0.733255346223
43.1 0.76122148548
43.2 0.787838797767
43.3 0.813060119216
43.4 0.836840759551
43.5 0.859138581274
43.6 0.87991407433
43.7 0.899130426113
43.8 0.9167535867
43.9 0.932752329182
44.0 0.947098304995
44.1 0.959766094154
44.2 0.970733250294
44.3 0.979980340442
44.4 0.987490979453
44.5 0.993251859042
44.6 0.997252771366
44.7 0.99948662711
44.8 0.999949468051
44.9 0.998640474069
45.0 0.995561964603
45.1 0.990719394539
45.2 0.984121344546
45.3 0.975779505869
45.4 0.965708659616
45.5 0.953926650567
45.6 0.940454355552
45.7 0.925315646459
45.8 0.908537347938
45.9 0.890149189866
46.0 0.870183754669
46.1 0.848676419593
46.2 0.825665294008
46.3 0.801191151892
46.4 0.775297359576
46.5 0.748029798903
46.6 0.719436785932
46.7 0.689568985322
46.8 0.658479320558
46.9 0.626222880179
47.0 0.592856820161
47.1 0.558440262641
47.2 0.523034191159
47.3 0.486701342599
47.4 0.449506096026
47.5 0.411514358605
47.6 0.372793448826
47.7 0.333411977216
47.8 0.293439724768
47.9 0.252947519293
48.0 0.212007109922
48.1 0.170691039966
48.2 0.129072518382
48.3 0.0872252900449
48.4 0.0452235050828
48.5 0.0031415874857
48.6 -0.0389458967671
48.7 -0.0809643718327
48.8 -0.122839384147
48.9 -0.164496734352
49.0 -0.20586260877
49.1 -0.246863710196
49.2 -0.287427387774
49.3 -0.327481765734
49.4 -0.366955870742
49.5 -0.405779757666
49.6 -0.443884633512
49.7 -0.481202979318
49.8 -0.517668669794
49.9 -0.553217090491
